002119
003403
005057
003254
007112
001042
000110
003658
001345
006624
007444
005666
003146
001156
002016
002402
004186
003007
000027
004221
006708
001777
002802
005209
003770
006178
003218
000604
006180
002161
002782
001015
004907
003652
003081
003750
002265
001165
003241
001163
004142
006258
002020
003430
000888
000283
004785
002320
002359
001274
001772
006213
002304
000219
006868
005350
005637
003312
004190
005878
002164
002578
006897
005907
005491
005642
003099
005245
003626
003219
007383
004753
006583
002128
006273
005511
003901
004082
006559
004929
001395
000176
005548
005551
002468
002399
000894
003206
005140
004966
005056
001627
006908
006014
001624
003525
005066
001300
007380
002722
001033
001347
006425
001562
005513
001737
000458
006883
007241
007317
002818
002799
006106
000342
004792
006083
002568
004524
005433
005189
007252
000700
002442
005183
004170
001382
006959
002972
006555
005251
003591
000688
005018
006095
004103
004831
004205
005420
001618
000614
005965
003739
001110
002215
003757
002093
002614
005327
002724
000549
005427
004315
005521
003495
006097
002460
003434
002176
005098
004569
005935
007021
006504
001589
005276
001945
005967
006156
003970
000944
000766
004370
000118
003018
003828
000162
001865
006381
002330
005479
002494
000647
003046
006980
003946
002006
002150
000831
003069
007211
000089
004690
005826
002451
005174
001570
000541
002662
001307
006841
006409
001716
001947
005096
004376
004214
000572
000630
005958
002911
007179
002172
001672
000740
002700
001387
002926
003894
003538
000759
003942
002084
004099
000158
004838
004360
003386
000182
001556
000915
004141
001234
004998
001774
003094
002465
004707
005550
006634
003197
007460
001443
007110
001934
002781
004126
004952
005554
005282
004487
006317
002256
006383
003095
004297
003370
005112
000605
000326
003582
007464
002752
001005
006246
002839
002086
003277
002484
002942
002732
000333
003196
001440
007363
001537
005543
001646
000261
006895
004091
005094
005704
006993
002855
005092
003381
003937
006414
004937
001422
005641
007095
007448
005277
005889
001393
001340
003284
000792
004150
005901
000778
006124
001619
005533
006152
002137
005632
002258
007328
000269
002083
001375
006985
001746
000918
004088
007168
002941
006486
005351
000001
005796
006639
005362
006478
005266
002656
004044
005555
004588
001756
006756
005239
000492
004577
003539
002754
003864
001370
003164
006761
004096
000893
004358
000230
001788
004822
006219
003315
000073
002794
002533
001734
000102
006192
000490
000070
006456
001055
002335
004896
005969
001545
000797
005079
000555
006396
001441
007438
003590
002266
007084
003982
001160
000364
002488
001031
003683
003775
000375
006974
001504
000958
000571
005126
007082
001199
005534
004817
001310
005304
007137
000653
003636
005994
000570
005159
001354
003448
004369
002183
003285
003447
001020
003771
006514
007347
004114
003486
005528
002195
002640
007086
002380
006795
005359
003192
004392
005764
003461
001886
000908
003619
003473
003794
005367
004546
001428
007114
003555
003387
001203
004215
003682
001892
005987
003283
003317
007166
004977
002629
006468
003835
007268
003444
005576
001233
000417
000273
007099
006836
006296
000982
003565
002483
005324
004948
005075
005839
006061
005678
004372
002216
006520
006012
001914
000339
000168
004247
006943
004189
005246
000318
005288
005377
002392
000660
005880
000075
000221
004971
000972
002569
003692
001405
005500
001336
003063
000857
005237
003640
004830
001931
001027
000539
001661
001659
001406
001676
002205
001170
000478
005869
000150
001616
000442
000409
004824
005152
001564
005044
003902
001348
007220
005011
005651
002099
005265
005723
002985
003832
006581
007361
000393
002398
002092
000633
006149
005443
006330
002390
000315
007140
002762
005910
003135
006954
000161
004389
007445
001192
000960
000930
006928
007313
006334
004950
004010
004651
002233
001108
005882
004193
002660
001363
002730
002440
001513
001119
006457
003952
005890
002620
003779
003002
005833
005768
005663
006187
003202
006804
001245
006035
006551
006159
002967
001749
005507
005436
006446
004483
003634
005812
003858
002368
002849
000135
006275
004775
004022
000433
006042
002894
002491
004556
000684
005693
000851
003328
001858
003361
001185
000185
000343
001261
000713
000024
003971
003665
002153
006376
007038
002930
005679
005388
005915
003001
002643
001194
007301
005041
004196
004639
003476
000761
000949
001698
005190
004685
006099
004261
004386
004239
003388
001995
006861
004066
004165
006301
002411
004098
003186
000377
006791
003313
006951
006798
002544
005217
004208
005868
001140
003278
003162
005825
001798
000779
003512
004751
001426
007422
004236
002618
002602
002116
001815
001155
004374
006398
007350
002272
005564
004005
005264
007176
002467
006148
002903
002826
004747
005785
000197
001455
004160
007213
004344
002676
005147
000884
001629
003336
006380
003866
002427
000538
005241
004334
000832
003077
006426
003650
004866
000783
001318
005228
004068
005391
002472
004862
003598
004117
005559
004868
006998
005157
005748
005494
004693
001139
002902
003605
005381
002444
002023
004615
001483
005917
005396
001084
001089
003776
002760
003229
000891
000680
007077
002966
002342
000965
002870
004130
005762
000432
003181
000864
000107
000925
004063
006569
006315
002776
005113
002922
000351
006266
002208
000234
003552
001431
004169
002605
007467
004851
004138
005590
006669
001399
006190
005082
001999
002473
005780
003687
002410
001725
004449
000259
005309
003301
004536
006536
003950
000453
004583
006553
004116
003262
006049
005848
003720
002793
007306
006204
001253
005572
001416
001385
004801
006606
001329
005892
004909
005356
004456
002728
002471
003366
001795
005504
006218
001719
001264
002210
003300
003694
002048
006973
003664
003599
000477
000274
004901
003258
004718
004531
001126
002445
001028
007122
006087
001356
006829
005916
003395
001131
003487
000096
001159
006828
003380
005615
005887
007182
001115
003991
002117
000661
000530
004774
000079
000440
006399
000621
005223
000617
004404
005802
006174
003426
000860
006211
004810
000292
004926
001315
000631
004542
002771
001610
005944
001969
007362
007365
003003
004657
000662
000820
000812
001649
001625
006311
000531
002816
006741
003548
001491
005290
001397
000742
001558
006940
001138
005250
001806
002033
006777
007309
001359
007381
001263
005460
002622
001972
004327
003493
003469
005894
005760
000473
004155
005571
001011
006670
000883
000241
000256
003159
000424
004399
003234
000905
004932
003101
002992
001985
006485
002727
004266
000606
005378
001669
005951
002222
002984
007409
002792
005256
004213
005173
001355
001690
006527
003918
000015
002589
002919
006050
002426
005503
000781
003353
003749
002830
004653
007064
000227
000880
007054
002599
004108
004460
002978
000244
006640
003542
000866
006191
004941
004025
004618
000149
004479
001312
004207
001168
006523
000081
004167
003639
003158
002248
000008
001877
002457
000446
007364
006580
005834
006329
004199
002536
000532
002917
007134
001552
007400
000065
007270
006813
006574
007214
004811
005836
004961
006060
004936
001687
007150
005677
005904
000823
005389
006189
001961
003723
006067
005136
001773
003351
002659
004139
004608
002001
003527
001989
000727
004580
001539
004813
003627
002270
004408
002367
001124
007470
001663
001729
006767
003533
004047
005580
001482
006234
001142
006826
006746
002115
001481
002235
002362
001162
000029
001631
006208
004646
003005
003536
001281
004935
004945
003784
005800
003558
001817
006766
000145
007480
001299
004070
005809
001654
003614
001759
004084
000212
006107
000011
006636
006362
004311
004241
000160
005906
005439
000361
005864
005368
007474
006293
006333
005530
001808
007341
005583
005630
000723
004826
006834
000297
003310
002268
005233
002884
004333
003066
000313
001394
006815
000568
001123
006303
006089
002221
005010
003243
007154
001201
000543
003852
007069
004620
003431
002506
000867
005751
000472
004227
003703
006366
002493
004890
003671
006713
004391
006264
005328
001053
006388
002345
003104
000765
003071
003237
000115
000193
005135
003167
004844
003768
004735
000801
000913
006733
004748
001244
007416
005817
006590
002146
001061
006373
002277
006271
003836
000513
006921
002965
002308
000445
002943
000909
006914
000774
005895
001950
006855
000548
004008
003156
001860
005191
005948
005631
005177
007295
004581
001608
002371
002803
002765
004203
005146
000307
000060
000022
002220
000252
002980
000180
000257
005019
004537
001193
000357
006740
002655
003244
003282
000140
006464
003758
005844
004046
003441
002166
003245
000877
006668
005653
001565
001232
000917
006355
003303
001711
006510
003383
005393
006034
001282
006404
001557
006305
007210
003572
004352
007103
005561
002353
005613
003296
001259
005215
001056
005432
003806
001678
002241
006932
002261
000025
002113
006902
001911
001786
002214
006630
004267
005253
002572
003174
003799
003014
001111
004654
005681
001009
004321
007344
005588
004969
004086
005315
002994
006024
004147
003578
001276
007224
003886
003519
006964
000204
005585
007472
004976
002627
001090
000468
004814
000811
000114
002758
001025
003400
005799
006017
005170
006910
006866
006605
004989
007208
006247
005852
006577
006397
000247
004637
002057
002040
001450
004781
005956
007093
001017
003871
006412
003334
000746
004412
002755
002775
006709
004955
001337
006764
005942
005210
003389
003708
003733
000741
002971
004253
003915
003357
002239
003352
003505
006760
002273
001190
001554
003596
001837
001014
005459
006407
000643
003892
002209
002861
005968
001694
006287
007118
006711
001154
003050
002931
006717
002049
002814
002626
000164
004024
007162
006812
003585
002529
002409
006013
002437
007345
000077
005918
000172
006408
003435
002767
005616
003616
000813
006783
002744
003699
005387
007172
002247
005736
004080
002504
002532
005835
003668
003275
003092
006924
000348
006250
000035
001188
003297
000094
001400
001183
003175
000983
003958
001006
002749
002912
003534
000642
001503
002228
002583
006279
000459
005017
005193
007023
007073
006185
001563
007414
002384
002557
000673
006052
000408
006933
004691
003678
001066
005364
002914
001290
003622
002121
000346
002838
001974
002032
002610
004755
004806
001106
005761
004288
002974
003962
006508
000646
005701
000053
003566
003589
000220
002005
001169
006314
006500
004464
007067
001396
004786
005428
000105
001125
005501
002230
000980
002773
003677
001568
003226
002125
005888
005187
005028
000138
005418
001652
002524
005881
004009
006661
006588
002155
006280
005247
000051
001816
001104
000327
004417
007378
006737
001609
004884
005400
003440
006725
005115
006166
004478
005332
007017
003488
001219
006589
001524
003279
004298
006356
001635
005107
000718
000736
003592
005045
001787
000345
005080
002350
006369
005302
005409
001291
003209
003514
005713
004058
001572
002645
001296
007033
004673
001494
000041
007163
006173
000222
005753
002647
001039
002347
003217
007323
001807
006285
005273
006025
004194
006898
002561
002486
004224
006444
006387
006556
004622
000181
001724
005715
000379
003070
006938
006752
006778
001645
006981
000533
001639
005394
005908
003067
001215
006460
000733
006144
003325
006915
004604
000120
006903
005199
005289
006528
004087
006437
001223
007447
005645
004489
002901
005442
007043
001117
006781
000569
005992
004741
005154
000962
006856
007371
002466
004886
005119
004057
003816
000624
000202
003233
003588
004306
000295
004959
002420
003455
001241
005243
004897
005708
002424
005117
002130
006102
001882
001831
006662
001496
007015
004906
001386
002607
002498
004872
007100
005101
000509
000410
004967
004990
005532
003908
001803
003995
004325
000768
001665
003314
006682
001549
007437
006592
007255
003643
000615
001432
002376
002654
003025
004122
004687
000658
007251
001453
007036
003211
004770
004077
005345
007326
000217
007059
006072
005962
006816
005829
005129
002933
003910
004986
001802
005794
002837
005352
005685
003575
006827
004452
006734
004032
006011
002055
000501
003767
003785
003201
006465
004790
004176
006955
000709
005417
007072
006857
001082
003145
003630
007427
004764
003961
002822
004773
003917
004038
006377
006732
006596
007385
000679
005296
002696
003923
005234
001657
001819
002098
006469
005181
003208
007091
001668
006160
001996
000932
000559
007424
003993
003669
002698
000434
006197
005754
005050
000710
005712
007372
006621
002461
007133
006212
000914
003019
006006
004367
000147
004916
004450
004006
004278
000751
006664
006799
007184
003371
003042
001301
005661
001944
002558
003030
007147
001505
001722
002013
000749
006900
000936
002691
000508
005370
003173
001963
000248
001979
000951
002430
002452
000106
003645
002680
001805
005023
003684
003814
004446
007260
002840
005134
006518
001543
004605
006090
007477
000302
007245
005130
000381
005837
001174
001650
005029
003900
005141
005758
004079
006357
001718
004686
000303
007151
000528
004915
000157
003142
005156
003870
006742
004223
006612
001895
002898
003231
006821
004508
000922
000084
001228
001866
002334
001935
003177
002989
004737
004784
003827
006519
000794
001975
004953
005931
002905
005165
005729
004603
006871
004421
006626
002797
002496
003195
006331
001285
006479
001835
006045
007225
001373
004611
005263
006003
004146
005262
005740
006474
002596
000519
007205
003132
007442
000863
004526
003131
001211
001579
005330
002469
003884
003595
001705
007218
000305
005065
001885
001224
005884
001062
000452
000340
002280
005161
003520
005320
004675
005478
001213
002736
005810
006101
007324
003033
004805
004037
006466
005084
004295
006838
000139
007062
001353
001357
004229
001683
003780
005705
003707
001197
001144
004017
005408
006949
004039
003856
007454
002002
001392
005481
006182
004506
006773
001571
003432
005087
004507
001971
006473
001883
007354
007264
001655
003147
003793
001429
006150
002357
004118
003295
006123
002784
003015
002824
000460
001367
000580
006358
003471
000356
003503
000728
002478
006361
000919
000406
006631
005787
004943
006820
005206
006419
002678
003882
002085
004131
004869
005775
001887
005993
006326
002554
006428
006393
002160
005771
000712
001179
003392
005581
003016
007418
001577
006833
000285
007050
000332
005278
002637
005197
000387
004187
000638
004422
003760
001227
001058
006096
002526
002152
000517
004280
003232
005611
007230
002741
000901
002274
005525
000036
005437
005003
005124
000250
002550
005430
004516
004798
004059
001838
005125
000205
005655
000163
000310
002666
007266
002171
006233
002574
003951
006758
004850
007143
007209
006644
006963
002850
002577
004722
007037
000233
001942
005274
001740
001842
006872
006715
004934
003438
000574
002395
002476
004172
003408
003230
000947
004731
004442
001251
003433
000494
000483
004723
001171
004343
002011
002661
005384
000865
004659
007145
000678
007128
001542
001057
002313
005198
004426
001149
005940
006950
003024
004237
004329
005947
004491
001479
000007
001460
006649
001358
004461
004413
005040
003959
007129
005323
003110
000262
003815
005638
001288
001832
002041
001898
003857
004547
000747
002446
006261
006063
004694
000030
003118
000687
005966
004521
002135
002027
000455
000385
004834
005074
000136
002112
001230
006597
005744
002518
000655
004568
005363
007219
001081
001322
000263
006256
002670
003509
001173
001252
005680
005204
006270
007029
002823
004475
007156
006449
006570
003753
006308
001949
003029
007369
007320
002126
004375
001964
005007
002739
001822
000996
002385
004346
004803
004960
002095
002567
001495
002419
005633
006614
002973
001473
001112
006859
006043
004988
006351
001046
005558
002336
002708
006607
006697
002281
003418
000753
005355
001226
002262
001411
004455
006744
002302
003074
003813
001605
000018
001472
006057
005757
000123
003926
000280
002897
007191
006177
002556
000275
000064
002774
005929
002253
000599
003680
004743
001240
005379
006714
003309
007283
001876
001344
005441
006335
003272
007085
005022
002378
006069
005945
000540
004661
004209
003662
000225
003316
003515
001004
000672
003260
003568
002482
000503
003529
006157
001889
003467
001485
004307
001074
001755
004791
006443
006390
003079
001475
000454
004879
005978
006277
003695
000201
003967
001476
001297
001790
003026
007382
005238
007417
006620
007109
002706
006310
004062
003564
004216
003979
007318
000240
006489
005795
000186
005981
006978
005851
004888
000228
002349
007204
004424
003257
005603
006723
000213
004912
004336
002675
002105
005103
004246
003213
006304
004095
004102
000523
002405
001377
005452
002916
004602
006645
003765
005172
000586
001035
002543
003957
003997
006706
005988
000003
005709
003968
000511
007277
005252
000493
006805
006526
005866
000977
007274
003427
006647
002851
001236
003728
002250
004565
000214
004715
001278
006540
001641
003478
001622
002601
004902
002516
000103
006497
003584
000010
007391
006235
001302
000622
001127
007397
000309
001982
006441
002292
003397
003893
000151
001289
006573
006616
002047
002184
000988
005686
003349
004067
006327
001525
006790
007003
004071
000887
001360
002761
004875
002665
003830
001080
003108
005620
005624
006386
004026
005095
006354
002245
003091
003850
001997
000585
007034
001048
003483
001255
004614
000465
001135
000047
002975
002962
004713
001850
003898
002632
000350
006170
000085
000334
006028
002031
007010
001844
005855
000376
000399
003986
001412
001891
002934
001445
000545
002624
005169
007063
003477
003783
001072
004393
004124
006920
002053
005483
003561
004809
001601
001680
004129
007098
005201
002485
003012
006289
006374
006286
003264
001528
004889
000130
002859
000752
002785
006880
007170
004683
001720
003550
004601
003150
001402
000948
004382
007455
006319
001593
002531
004035
007339
006803
001012
002951
006113
002306
004364
000669
001327
000795
005793
005372
003035
004819
001867
005293
006852
000536
001003
001582
006571
001673
003485
004787
003954
000598
004496
004502
006843
000639
005060
004340
006927
005735
002633
006546
007452
004275
000506
006839
006299
001308
002456
002969
000232
001595
006939
000258
004185
005406
003546
006534
004415
000734
006524
005131
001924
001730
000083
003899
003056
006278
003587
006092
004305
001638
000689
004799
004570
006242
005703
004076
002644
003419
005643
004323
002449
006438
001529
001741
001726
003086
003320
003259
003115
001511
001550
001238
004378
005336
006568
005213
001346
004387
002352
000321
005927
001904
004448
004345
000576
006248
000885
001868
001810
006103
002187
000594
004171
002495
000019
000436
003420
006059
006038
003134
006627
005072
002305
001896
004152
006363
003377
000892
003053
000959
005574
000764
005053
003781
005467
002428
004341
005102
007421
005872
003701
007396
004309
003601
007311
001189
000556
001689
004999
001001
002615
003417
004692
007206
005862
003809
002123
001444
003182
002542
007443
006462
004330
005731
007249
004051
002282
001157
001779
001927
001158
005480
006394
002559
000796
000390
006675
005025
007348
004760
006181
006195
007139
007232
000243
003862
002953
001522
001379
006371
000413
001043
002648
002312
001468
003160
003265
001349
001487
001151
000300
000848
005772
005696
003819
001369
003052
002995
007300
007322
004158
004893
002976
006320
007181
003978
003659
000476
004001
003365
004845
004894
006232
002103
002657
002294
002186
004582
002348
003896
001463
001446
004136
005451
006796
005361
006086
002652
002355
003508
002937
004606
003911
000803
007221
004031
000386
003648
002351
005242
003772
000218
005647
004808
004379
005976
006875
005297
006535
000049
006566
003920
000800
002147
004923
005607
002873
002132
003294
001248
004157
005930
002510
006372
005258
003378
002063
006667
006105
000207
006155
004238
005105
001660
003717
004939
001674
000067
006027
006629
002267
005980
003255
005667
001423
000179
005166
001644
006991
002603
001352
007435
004338
003443
005537
007039
001279
004268
004717
007167
000013
003103
001871
002714
004551
000143
006604
000200
000463
000681
003200
001047
001007
005012
000717
006782
006239
001380
007056
006966
001205
004132
006272
001361
003324
002563
000512
006808
004738
005093
002191
005692
007256
005335
006881
002515
000042
003463
006217
006603
005636
003929
006158
001032
001901
007126
002174
004458
002703
001809
002361
000444
000987
004390
006982
002091
005162
005891
007123
006346
004548
006678
000911
001342
000021
003199
007060
001102
002738
003697
001929
005457
006611
006538
005139
001362
000641
004045
003391
006729
002369
001436
000119
007289
001275
004918
006207
005073
002333
002946
004002
005346
005827
006731
002042
004816
004072
004439
004219
002587
000757
001427
003686
000267
002977
000521
001846
000809
003570
002890
000331
000048
006934
006231
002613
002068
007005
004634
005591
005485
000656
005182
001218
004166
006962
004599
003644
006175
006424
002200
000616
000373
002715
002866
003812
000776
006768
003097
005184
002167
001547
006415
000637
005314
000298
006930
007242
007450
007296
005819
000625
007425
004704
003672
006225
004511
000767
000430
004721
001848
004339
002298
003642
005021
000184
000694
001859
001182
002820
005587
004552
004125
000862
006015
003149
007253
004254
005167
006295
004149
007307
006297
005229
004162
002022
006340
001114
004920
000480
000650
005776
005621
005374
007111
006032
004590
002547
006165
000985
000890
005515
007178
000975
006434
006088
002156
002768
001738
001365
005652
005963
000057
002726
005955
005231
005972
002511
006837
006162
006891
001085
007193
001096
005216
000997
004597
004769
002999
001019
002120
004353
002804
005806
007046
004560
000581
003113
003048
005240
006679
005876
000882
002190
002475
000632
004726
005333
006359
006864
001172
004765
003096
001856
005298
003541
003225
007158
003390
002232
002611
001488
005037
001305
007171
007028
006193
005214
007446
007160
002193
000466
002499
003184
006214
002201
003064
001894
004543
003424
006623
005774
003999
003731
007004
005586
000601
006079
001781
005220
000780
002575
000322
002716
000076
001813
005232
001515
001317
005995
002795
000338
000529
001955
002649
006770
006071
001010
003796
003833
002600
006323
003818
006309
006161
000929
007294
006690
001884
006685
002051
004761
002379
004823
000852
005236
003459
003367
005413
005059
000993
003119
004398
004586
002404
003989
004089
000843
004852
002852
003872
001150
004650
006659
003969
000659
002883
007194
003416
000818
000365
001407
002060
000156
006721
002650
005046
004883
003647
005608
006905
004827
002887
000671
005730
002275
006447
001789
001915
006704
005061
004264
006420
007055
006906
003741
004465
004783
004780
001130
004023
004642
002263
002439
002097
002450
004821
001343
002679
005959
004289
001313
001069
003270
001783
003331
004688
005412
003922
000583
003651
000043
002139
002540
001583
005689
003412
003710
000052
005788
002260
002070
004647
000132
002598
002071
004668
001880
007315
000416
000443
000535
001229
000984
002338
005358
001176
006976
004300
000744
006131
006947
002474
002910
002718
004533
002490
000080
000554
000691
002513
005325
007124
000401
004293
007401
002810
006702
007061
001560
000101
001648
000514
002551
002998
002317
000695
002381
006660
003021
005594
005562
005830
003061
004490
000937
004081
002329
000311
003980
001023
002346
002505
003718
000760
007199
002740
006957
006775
003848
004995
003031
005765
002189
005403
002639
001958
003804
005447
007233
005589
004895
003311
000561
000317
003038
001449
006056
002181
005671
003345
005673
007074
005489
004425
003540
006995
003820
004877
000484
005592
000830
002477
006332
001553
005310
002480
001287
007157
004112
003375
004040
000366
000191
002414
002285
005155
004517
003464
007453
004749
002406
006085
006136
001267
003803
004980
003786
001398
000153
003840
004359
005683
003178
005376
003425
007027
000495
001637
001532
007265
001118
000837
000819
002344
007475
004727
004290
002423
006516
005971
005845
005526
005853
007308
002004
005450
001202
002252
007346
001854
000593
006389
005133
003475
003193
001615
003080
001581
004836
002684
001448
001490
005984
006831
001371
005469
004566
003778
002114
006896
002581
000665
003451
006622
000587
000314
005738
004592
005949
002889
007045
005557
005759
006302
007288
002863
001038
006674
006298
002835
001653
003726
004134
000790
004931
002386
005750
001632
003236
005270
003792
000405
003413
007238
004545
004314
003502
000721
006417
005482
004128
000464
002388
005563
005783
004396
003298
003675
005886
006802
003496
005463
000804
005316
007278
004206
004739
005211
004942
003831
002015
005132
005142
006824
005688
002045
005716
006996
007459
001706
003359
001040
001534
007451
001105
004355
007075
006345
005267
006392
005100
004332
006406
004695
004501
001533
006989
003742
000668
003338
004416
001471
000383
001970
002636
006988
004242
006743
007351
003688
004842
007102
006700
005153
006618
004913
001535
001670
000770
004053
000415
001109
000418
000686
002038
005582
006894
007248
001309
005867
005317
000159
004317
001510
004175
004283
005717
004233
000699
000209
001952
000020
005205
006561
002288
002149
007428
003372
001688
003734
004635
005749
001696
004377
003183
000610
005466
006512
007035
004106
004849
001420
000828
006792
002243
004958
001965
006440
001121
006283
002925
007087
006153
007009
001499
002609
006695
000961
003116
005390
003897
000849
003755
001863
006696
006047
004277
007358
002224
003027
003394
004366
002594
000301
000685
003322
007019
001277
006198
003604
002538
004319
006147
003041
005846
001597
002463
005659
003240
002710
006983
002173
005434
000397
007048
005048
003881
001818
004248
006990
001466
006461
004509
006860
002734
006735
000715
006665
005303
003220
007115
007389
006601
005912
002297
003130
006642
005299
005322
006281
000362
005798
001843
001326
003777
004480
003761
002527
006179
005626
005756
001628
003057
005365
005860
003774
007373
000870
006532
002772
001855
002668
002968
002421
003611
000910
003879
002842
006391
007052
001103
002651
002197
007408
001841
003877
005454
003811
004182
003528
006263
006070
006245
004861
007146
003704
006413
006958
001122
004093
006267
007040
003556
006817
006005
006846
002448
005158
000657
005939
005964
002283
005612
005639
001271
000711
002143
004273
006521
004000
004840
004539
004860
001733
003945
000842
004640
002753
006666
007051
003706
002081
